1000000011111111100000001000000010000000
1000000111111111100000011000000110000001
1000001011111111100000101000001010000010
1000001111111111100000111000001110000011
1000010011111111100001001000010010000100
1000010111111111100001011000010110000101
1000011011111111100001101000011010000110
1000011111111111100001111000011110000111
1000100011111111100010001000100010001000
1000100111111111100010011000100110001001
1000101011111111100010101000101010001010
1000101111111111100010111000101110001011
1000110011111111100011001000110010001100
1000110111111111100011011000110110001101
1000111011111111100011101000111010001110
1000111111111111100011111000111110001111
1001000011111111100100001001000010010000
1001000111111111100100011001000110010001
1001001011111111100100101001001010010010
1001001111111111100100111001001110010011
1001010011111111100101001001010010010100
1001010111111111100101011001010110010101
1001011011111111100101101001011010010110
1001011111111111100101111001011110010111
1001100011111111100110001001100010011000
1001100111111111100110011001100110011001
1001101011111111100110101001101010011010
1001101111111111100110111001101110011011
1001110011111111100111001001110010011100
1001110111111111100111011001110110011101
1001111011111111100111101001111010011110
1001111111111111100111111001111110011111
1010000011111111101000001010000010100000
1010000111111111101000011010000110100001
1010001011111111101000101010001010100010
1010001111111111101000111010001110100011
1010010011111111101001001010010010100100
1010010111111111101001011010010110100101
1010011011111111101001101010011010100110
1010011111111111101001111010011110100111
1010100011111111101010001010100010101000
1010100111111111101010011010100110101001
1010101011111111101010101010101010101010
1010101111111111101010111010101110101011
1010110011111111101011001010110010101100
1010110111111111101011011010110110101101
1010111011111111101011101010111010101110
1010111111111111101011111010111110101111
1011000011111111101100001011000010110000
1011000111111111101100011011000110110001
1011001011111111101100101011001010110010
1011001111111111101100111011001110110011
1011010011111111101101001011010010110100
1011010111111111101101011011010110110101