10000000100000001000000010000000
01000110100110110100001001010000
01000110100110110100001001010000
01000110100110110100001001010000
01000110100111100100001001010000
01000110100111100100001001010000
01000100100111100100000001010000
01000100100111100100000001010000
01000100100111100100000001010000
01000100100111100100000001010000
01000100100111100100000001010000
01000100100111100100000001010000
01000100100111100100000001010000
01000100100111100100000001010000
01000100100111100100000001010000
01000100100111100100000001001101
01000010100111100100000001001101
01000100100111100100000001001101
01000010100111100100000001001101
01000010100111100100000001001101
01000010100111100100000001001101
01000010100111100011111001001101
01000010100111100011111001001101
01000010100111100011111001001101
10010011011100101001100010001011
10010011011100101001100010001011
10010011011100101001011010001011
10010011011100101001011010001011
10010011011100101001011010001011
10010011011100101001011010001011
10010011011100101001011010001011
10010011011100101001011010001011
10010011011100101001011010001011
10010000011100101001011010001000
10010000011100101001011010001000
10010000011100101001011010001000
10010000011100101001011010001000
10010000011100101001011010001000
10010000011100101001011010001000
10010000011101001001001110001011
10010000011101001001001110001011
10010000011101001001001110001011
10010000011101001001001110001000
10010000011101001001001110001000
10010000011101001001001110001000
10010000011101001001001110001000
10010000011101001001001110001000
10010000011101001001001110001000
10001101011101001001000010001000
10001101011101001001000010001000
10001101011101111001000010001000
10001101011101111001000010001000
10001101011101111001000010001000
10001101011101111001000010001000
 END!
