00000000000000000000000000000000000000000000000000000000000000000000000001110000010001010000000000000000000000000000000000000000000000000011000000111111101100101011100110001111111011000000000000000000000000000000000000000000000000001001100000100100000000000000000000000000000000000000000000000000111111100000001100000000000000000000000000000000000000011011100100011111000000000000000000000000000000000000000000011010110011000000001100000000000000000000000000000000000000000000000000000000000000000000000000000000
00000000000001001101111011111101111111000000000000000000000000000000000000101001101001110000000011010111000100110000000000000000000000000000001000000001001011110000000000000000000000000000000000000000000000000000000000000000000011110000000000000000000000000000000000000000100100011011000000000000000000000000000000000000000000000000000000000000000000000000010100000011000001000000000000000000000000001111110000000000000000001100001000000000111110010000000000000000000000000000000000000000000000000000000000000000
00000000000000000000000000000000000000101100011100000010000000000000000000000000000000000000000000010000010000000000000000000000000000000000000000000000000000011101000000000000000000000000000000000000000000000000000000000000000000000000000000000000000000000000000000000000000000000000111001111001000000010000000000000000000000000000000000000010101000110000111100000000000000000000000000000000000000000000000000000000000000010000000000000000000000000000000000000000000000001001100100000001000000000000000000000000
00000000000000000000000000011000110111010000000100000000000000000000000000000000000110111111110100000000001011010000000000000000000000000000001011111011111111001011010011100100000000000000000000000000000001101111101000000000000000010010010100000000000000000000000001010001100011010000000000000000001001010000000000000000000000001001110110010010000000000100111100000000100111110000000000000000001011010000000011110110111101111110000100000000000000000000000000000000000101111111100101001000000000000000000000000000
00000000000000000000000000000000000000000000000000000000000000000000000000000000001111100000000000000000000000001010000000000000000000000000000011110001000000100000000000000000110000100000000000000000011110100010000000000000000000001001110000010011000000000000000010011100000000000000000000000000000000000000000000000000000000000000000010011110101100100101101000000000000010000000000000000000000000000000000000000001000000000000000000000111000000000000000000000000000000000000000000000000101010100000001000000000
00000000000000000000000000000000000000000000000000000000000000000000000000000000000000000000000000100011111011100000010100000000000000000000000000000000000000001111000101011011000000000000000000000000000000000000000000000010000000000000000000000000000000000000000000000000000000000100111011110101000001010000000000000000000000000000000000000100111100000010011000000000000000000000000000000000000000000000000000000000000000000000000000000000000000000000000000000000000000001111110000000000000000000000000000000000
00000000000000000000000000000000000000000000000000000000000000000000000000000000111110000000000000000000000000101001100100001011000000001010101000001010000000010000000100001011101011110000000000000000111011011101000101100100100101110000000000000000000000000000000000000000000100110000100100000100011011010000000000000000000000000000000000000000000000001111101000000000000000000000000000000000000000000000000000001101111011000000000000000000000000000000000000000000000000000001011011111100010010110000000000000000
00000000000000000000000000000000000000000000000000000000000000000000000000000000000011011111100000000000000000000000000000000000000000000000010011101110111100110000000000000000000000000000000000000000000000001100101000000000111110010100101000000000000000000000000000000100000000001110111001000000110001100000001100000000000000000000000000000000001010100000001111011001000000000000000000000000000000000000000000000000000000000000000011011001000000000000000000000000000000000000000000000000000000000101110000000000
00000000000000000000000000000000000000000010010100011111010101010000000000000000000000000100111100000000000000001110001111001101000000000010010110010100000000000000000000000000000001000000010000000000111111010000010100000001000000000000000000000000000000000000000011111001101111110110001000010010000000000000000000000000000000000100010110011010111110110000000000000000000000000000000000000000000000000000001111111110111000000000000000000000000000000000000000000000000000000000000010011010000000010000000000000000
00000000000000000000000000000000000000000000000000000000000000000000000000000000000000010000000001001111010111110000000000000000000000000000000010100000111101000101101110101001111000000000100000000000110100111001100000010100000101011100001000000000000000110000000000001101110001011010011111111010000000000000101100000000000000000000000000000100010000011111100100000000000000000000000000000000000000000000000011111110001101010000000000000000000000000000000000000001101000011110110000000000000000000000000000000000
00000000000000000000000000000001110000000101110100000001000000000000000000000010111111000110011000101000011010111110101100000000000000000000000011100001000000110000000000001000111001110000000000000000010111000100110100000000000000000000000110000111000000000000000010011110000000000000000000000000000000011000001100000000000000001101110000000000000000000000000000001000000000000000000000000000100111000010011100101001010100111111011100000101000000000000000000000010111101111111110110100110000000000000000000000000
00000000000000000011101111110000000000000000000000000000000000000000000000000011110110000000000000000000000000000000000100000000000000000000000011100111000000100000000001110011100110100000000000000000010010110100010100110010111111100010111000010110001110110000000010001010001010111111111000000000000000000001111100000000000000001001110000110100100001111010000000000110000000000000000000000000000000000000000001101011111001001100011100000000000000000000000000000000000000000000000000000000000000000000000000000000
00000000000000000000000000000000000000000000000000000000000000000000000000000000000000000001111110111010001101000010000100000000000000000000000000101111111000000001010101010010100110010000000000000000000000000000000000000011000000001111110100000000000000000000000000000000000000001011010011111011110111110000010000000000000000000000000000000000001001001011111001001111000000000000000000000000000000000000000000000000000000000000000000000000000000000000000000000000000000000000100111100111000001010000000000000000
00000000000000000000000000000000000000000000000000000000000000000000000000000000000011110000000011011110111101110000000000000000000000000000000011111010100111110000010001111000110011100000000000000000000000000000000000000000000000000000000000000000000000000000000001010101100100110000000000000000000000000000000000000000000000001000111110001100000000000000000000000000111110000000000000000000000000000000000000000000000000010110100101010111000000000000000000000000000000001111001011010111110111100000000000000000
00000000000000000000000000001010110101100000010000000000000000000000000000000000000000000001110000000000000000100000000000000000000000000000000000000000000100000000000000000000000000000000000000000000000000000000000000011101000000000000000000000000000000000000000000000000000000000001110100000000000001110000000000000000000000000000000000000000000110010000000000000000000000000000000000000000000000000000001001111100000000000000000000000000000000000000000000000000000000000000000000000000000000000000000000000000
00000000000000000000000100111101111110111110000100010011000000000000000000000000111110100001100100000000000000100000000000000000000000000000000111000011000000000000000000000011000000000000000000000000000000011101100101000110110001111010010000000000000000000000000000000000000000000000000000000001000000111111110000000000000000000000000000000010000000000000000000000000000000000000000000000000000000000010111100000000000000000000110001110111000011010000000000000000100101111111100110011011001011110000000000000000
00000000000000000000000000000000000000000000000000000000000000000000000000000000001101110000000000000000000010010000001100000000000000000000101011011000000000100000001101010111101100010000000000000000011110100001000000000000000000101100000100011110000000000000000010101110001001100000000001001011000000000000000000000000000000000000000101110000100010010001001010110000000000100000000000000000000000000000000000000001100110110110110100000000000000000000000000000000000000000000000011101001000000000000000000000000
00000000000000000000000000000000000000000000000000000000000000000011000110111000100110000100101100100001000000000000001000000000000000000011010101001011011010111100100000000000100000010000000000000000000000000000000000000000000000100000000010111001000000000000000000000000000000000000000000000001110001000110101100000000000000000000000000000000000000010011110000000000000000010000000000000000000000000000000000001001111111100000001100000000000000000000000000000000000000000000000001101101000000010000000000000000
00000000000110000110101100000000000000000000000000000000000000000000000000000000100010101111110000000000000000000000000000000000000000000101010100000000000101100000000000000001000000000000000000000000100001010000000000000000111111001010001100000000000000000000000000000000000010100010110001000010011010100000000000100010000000000000000000000000000101110000000000000000000100011111101000000000000000000011000011110111001111000011010011111010111110100000000000000000000000000000000000011100011000110001101000000000
00000000000000000000000000000000000000000000000000000000000000000000000000000000000000000000000000000000101011110000000000000000000000000000001011010000000000000000001011101010000000110000000000000000000000001101111000000000000000001110001100000011000000000000000000000000111011011101110111001100111111010000000000000000000000000000000100000000000001010011010000111011000000000000000000000000000000000000000000000000010101110000010000000000000000000000000000000000000000000000000110011111000100110000000000000000
