00001000000000001111111000001111111101110000000011111101111111110000001100000001111111011111101011101001111011111111110000001001000000111111111100000000111110111101111011110011000001011111111100000011000010000000001011110110110101111111101100000000000000010000000000001001000000000000000011011111111111010000000000011100000000000010101111111010111000011110110100000000000101110000000100001110000110011111011011100110111101001111110111111110000000001111111111111101111101010000000011110111111111110000000011111111
00001000000000001111111000001111111101110000000011111101111111110000001100000001111111011111101011101001111011111111110000001001000000111111111100000000111110111101111011110011000001011111111100000011000010000000001011110110110101111111101100000000000000010000000000001001000000000000000011011111111111010000000000011100000000000010101111111010111000011110110100000000000101110000000100001110000110011111011011100110111101001111110111111110000000001111111111111101111101010000000011110111111111110000000011111111
11101111111011011111110000001000000010001111011011101100111100001101001100000101000000001111100000101000000011110010001000010110111110101110011111110111001011101111101100101010000001101111010111100001000101010001111100100100000111100001110111110011110110011101111111100011000011001101110000101010001010011111001111110001000010101111011100000000000011000010011111101001111011001101111011111010111101000000001000100001001101000001111111110010001000001110110111101111000001011111001000100100000001001110101111110000
00001000000000001111111000001111111101110000000011111101111111110000001100000001111111011111101011101001111011111111110000001001000000111111111100000000111110111101111011110011000001011111111100000011000010000000001011110110110101111111101100000000000000010000000000001001000000000000000011011111111111010000000000011100000000000010101111111010111000011110110100000000000101110000000100001110000110011111011011100110111101001111110111111110000000001111111111111101111101010000000011110111111111110000000011111111
11111101111100111111110000010101111111001111100111101111111101011110010100000101111111101111010000000011111110010001001100010111111111111110111111111010000110101101101100001111000010011111100011101111000101100001011000001110111010110000111111111000111010001110101011110110000010001110100011111011000110011111011100010011000001110010010111111011111010010000011111110001000010111110101100001010000100011111100011111100000101100001001011110101000101101111001111110011111110011111011000001111000000101111001011110101
00001000000000001111111000001111111101110000000011111101111111110000001100000001111111011111101011101001111011111111110000001001000000111111111100000000111110111101111011110011000001011111111100000011000010000000001011110110110101111111101100000000000000010000000000001001000000000000000011011111111111010000000000011100000000000010101111111010111000011110110100000000000101110000000100001110000110011111011011100110111101001111110111111110000000001111111111111101111101010000000011110111111111110000000011111111
11111101111100111111110000010101111111001111100111101111111101011110010100000101111111101111010000000011111110010001001100010111111111111110111111111010000110101101101100001111000010011111100011101111000101100001011000001110111010110000111111111000111010001110101011110110000010001110100011111011000110011111011100010011000001110010010111111011111010010000011111110001000010111110101100001010000100011111100011111100000101100001001011110101000101101111001111110011111110011111011000001111000000101111001011110101
00000001000101010000010111010100000010010000101100011100000100000010101011110111000001000001010100000101000100111110000011010010111111100001101100001001110100100100110111101010111011010000101100011010110100111101011111101101001101111110100100001011001001110010010100001100111100100010100100010101110101010000111111010001111101001010101000001010001101101111110100011001111000000010001011100101110101100001001000010010110111111101111100010001110110000001010000010101000100000001000011101010111111000001011100010001
00001000000000001111111000001111111101110000000011111101111111110000001100000001111111011111101011101001111011111111110000001001000000111111111100000000111110111101111011110011000001011111111100000011000010000000001011110110110101111111101100000000000000010000000000001001000000000000000011011111111111010000000000011100000000000010101111111010111000011110110100000000000101110000000100001110000110011111011011100110111101001111110111111110000000001111111111111101111101010000000011110111111111110000000011111111
11111101111100111111110000010101111111001111100111101111111101011110010100000101111111101111010000000011111110010001001100010111111111111110111111111010000110101101101100001111000010011111100011101111000101100001011000001110111010110000111111111000111010001110101011110110000010001110100011111011000110011111011100010011000001110010010111111011111010010000011111110001000010111110101100001010000100011111100011111100000101100001001011110101000101101111001111110011111110011111011000001111000000101111001011110101
00001011111101100010001100001010110100100000010111110110000010111101111000000100111100011110111111010001110101101101110000010010111100000000101100011000001011001110010000101011000000100001110111100100111110110001100000000011110010100011000100010001000010100000011111101011001001110000010100100111001011110001001111011010111011001110000011110011110110000010101100000011111000011110010000010010110111101101100011001110000010011101010011010111111101100001100011110110111000100001000100000101000001111111000000001110
00000000111101001111110000011001111110011111101011101111111101101110100000000101111111011111001111111011111101000001000100011001000000001111000011111010000101111101001000001010000010111111100111110001000110000001011000001001110111100000110011111001111010101110101111111010000001111110100111110000000101111111100000011100000001100011001011111001111000000000000011110010000100101110110100001111000110011111010111110011000100010001000111110101000101011111010011110011111101101111011100001011000000011111001111110101
11111101111100111111110000010101111111001111100111101111111101011110010100000101111111101111010000000011111110010001001100010111111111111110111111111010000110101101101100001111000010011111100011101111000101100001011000001110111010110000111111111000111010001110101011110110000010001110100011111011000110011111011100010011000001110010010111111011111010010000011111110001000010111110101100001010000100011111100011111100000101100001001011110101000101101111001111110011111110011111011000001111000000101111001011110101
00000100111101111111110000011100111101101111101111110001111110001111000000000100111111001111001111101111111011010000101100011000000000101111010011111100000011111100101000000000000010111111101011110110000101110001001000000001110011110000011111111011111100001111000000000001000001011110111111100010000100001111101000100101000001010011111111111000110101101111010111110101000110111111001000010011001000011111001011100111000001100000101111110111000100001111011011110101111100101111100100000100000000011111011011111000
11111101111100111111110000010101111111001111100111101111111101011110010100000101111111101111010000000011111110010001001100010111111111111110111111111010000110101101101100001111000010011111100011101111000101100001011000001110111010110000111111111000111010001110101011110110000010001110100011111011000110011111011100010011000001110010010111111011111010010000011111110001000010111110101100001010000100011111100011111100000101100001001011110101000101101111001111110011111110011111011000001111000000101111001011110101
00000001111010011111100100110011111100111111010011011111111011011101001000001010111110101110011111110101111001100010000100110011000000101110001011110101001011101010001100010011000101101111001011100011001100010010110000010010101110100001100011110011110101011101011111110101000011101101001111011111001011011111000000111001000011010110011111110011101111101111110111100100001001111101101100011111001100111110101011100101001000000010000111101011001010101110100111100111111010111110111000010110000000111110011111101100
11111101111100111111110000010101111111001111100111101111111101011110010100000101111111101111010000000011111110010001001100010111111111111110111111111010000110101101101100001111000010011111100011101111000101100001011000001110111010110000111111111000111010001110101011110110000010001110100011111011000110011111011100010011000001110010010111111011111010010000011111110001000010111110101100001010000100011111100011111100000101100001001011110101000101101111001111110011111110011111011000001111000000101111001011110101
11111101111100111111110000010101111111001111100111101111111101011110010100000101111111101111010000000011111110010001001100010111111111111110111111111010000110101101101100001111000010011111100011101111000101100001011000001110111010110000111111111000111010001110101011110110000010001110100011111011000110011111011100010011000001110010010111111011111010010000011111110001000010111110101100001010000100011111100011111100000101100001001011110101000101101111001111110011111110011111011000001111000000101111001011110101
11111101111100111111110000010101111111001111100111101111111101011110010100000101111111101111010000000011111110010001001100010111111111111110111111111010000110101101101100001111000010011111100011101111000101100001011000001110111010110000111111111000111010001110101011110110000010001110100011111011000110011111011100010011000001110010010111111011111010010000011111110001000010111110101100001010000100011111100011111100000101100001001011110101000101101111001111110011111110011111011000001111000000101111001011110101
11111101111100111111110000010101111111001111100111101111111101011110010100000101111111101111010000000011111110010001001100010111111111111110111111111010000110101101101100001111000010011111100011101111000101100001011000001110111010110000111111111000111010001110101011110110000010001110100011111011000110011111011100010011000001110010010111111011111010010000011111110001000010111110101100001010000100011111100011111100000101100001001011110101000101101111001111110011111110011111011000001111000000101111001011110101
 END!
